[gd_scene load_steps=23 format=3 uid="uid://cxvmv11a2iusl"]

[ext_resource type="Script" path="res://src/camera.gd" id="1_6fm8c"]
[ext_resource type="Script" path="res://src/paint_progress_tracker.gd" id="1_g2ks0"]
[ext_resource type="PackedScene" uid="uid://rtxx66oqi8qk" path="res://src/plank/plank.tscn" id="1_ycpd8"]
[ext_resource type="PackedScene" uid="uid://blitifbt0btl7" path="res://addons/mouse/mouse.tscn" id="2_dgr3k"]
[ext_resource type="Script" path="res://src/brush_caster.gd" id="2_epem3"]
[ext_resource type="PackedScene" uid="uid://bwryn58kush3o" path="res://src/brush_model.tscn" id="4_uayg8"]
[ext_resource type="PackedScene" uid="uid://cq6gjuo1v3d0t" path="res://src/dialogue.tscn" id="6_ck7kd"]

[sub_resource type="ViewportTexture" id="ViewportTexture_qag6c"]
viewport_path = NodePath("BrushCaster/BrushModel/SubViewport")

[sub_resource type="StandardMaterial3D" id="StandardMaterial3D_c2vv6"]
resource_local_to_scene = true
transparency = 1
albedo_color = Color(1, 1, 1, 0.0862745)
albedo_texture = SubResource("ViewportTexture_qag6c")

[sub_resource type="QuadMesh" id="QuadMesh_3gg84"]
size = Vector2(0.5, 0.5)

[sub_resource type="StyleBoxFlat" id="StyleBoxFlat_4h4xa"]
bg_color = Color(0.235294, 0.392157, 0.521569, 0.87451)

[sub_resource type="StyleBoxFlat" id="StyleBoxFlat_0togf"]
bg_color = Color(0.988235, 0.847059, 0.207843, 1)

[sub_resource type="StandardMaterial3D" id="StandardMaterial3D_j5dji"]
albedo_color = Color(0.439216, 0.439216, 0.439216, 1)
metallic_specular = 0.14

[sub_resource type="BoxMesh" id="BoxMesh_vxhg6"]
size = Vector3(5, 0.5, 0.4)

[sub_resource type="BoxMesh" id="BoxMesh_8d1ia"]
size = Vector3(0.3, 1.5, 0.3)

[sub_resource type="StandardMaterial3D" id="StandardMaterial3D_2umb0"]
albedo_color = Color(0.341176, 0.247059, 0.113725, 1)
metallic_specular = 0.14

[sub_resource type="BoxMesh" id="BoxMesh_ux7xu"]
size = Vector3(3.2, 0.2, 0.05)

[sub_resource type="StandardMaterial3D" id="StandardMaterial3D_hhrvs"]
albedo_color = Color(0.145098, 0.321569, 0.176471, 1)
metallic_specular = 0.03

[sub_resource type="BoxMesh" id="BoxMesh_qtkh7"]
size = Vector3(100, 0.1, 100)

[sub_resource type="ProceduralSkyMaterial" id="ProceduralSkyMaterial_sc7kc"]
sky_top_color = Color(0.254902, 0.556863, 0.980392, 1)
sky_horizon_color = Color(0.615686, 0.72549, 0.878431, 1)

[sub_resource type="Sky" id="Sky_3sn1t"]
sky_material = SubResource("ProceduralSkyMaterial_sc7kc")

[sub_resource type="Environment" id="Environment_ohas3"]
background_mode = 2
sky = SubResource("Sky_3sn1t")
ambient_light_source = 3
reflected_light_source = 2
tonemap_mode = 2
tonemap_exposure = 1.2
tonemap_white = 1.8
fog_enabled = true
fog_light_energy = 0.4
fog_sun_scatter = 0.2
fog_sky_affect = 0.18
adjustment_enabled = true
adjustment_brightness = 1.15
adjustment_contrast = 1.12
adjustment_saturation = 1.12

[node name="Main" type="Node3D"]

[node name="PaintProgressTracker" type="Node" parent="."]
script = ExtResource("1_g2ks0")

[node name="Camera3D" type="Camera3D" parent="."]
transform = Transform3D(1, -4.09353e-16, 3.43488e-16, 3.7468e-16, 0.99543, 0.0954983, -3.81011e-16, -0.0954983, 0.99543, 2.08165e-12, 1.2359, 1.43735)
script = ExtResource("1_6fm8c")
sensitivity = Vector2(4, 4)
zoom_on_paint = 2.0

[node name="Mouse" parent="Camera3D" instance=ExtResource("2_dgr3k")]

[node name="Dialogue" parent="." node_paths=PackedStringArray("paint_progress_tracker") instance=ExtResource("6_ck7kd")]
paint_progress_tracker = NodePath("../PaintProgressTracker")
text_speed = null
visibility_lookahead = null

[node name="DirectionalLight3D" type="DirectionalLight3D" parent="."]
transform = Transform3D(0.798846, -0.377636, 0.468227, 1.64197e-16, 0.778386, 0.627786, -0.601536, -0.501504, 0.62181, 0, 0, 0.853543)
shadow_enabled = true
shadow_opacity = 0.94
shadow_blur = 1.1
directional_shadow_fade_start = 0.1
directional_shadow_max_distance = 40.0
directional_shadow_pancake_size = 0.0

[node name="BrushCaster" type="Node3D" parent="."]
transform = Transform3D(1, 0, 0, 0, 1, 0, 0, 0, 1, 0, 0.4808, 0.507841)
script = ExtResource("2_epem3")
brush_speed = 10.0
depletion_rate = 0.001
apply_interval_s = 0.01
apply_velocity_multiplier = 2.0
tilt_amount = 22.0

[node name="Mouse" parent="BrushCaster" instance=ExtResource("2_dgr3k")]

[node name="BrushModel" parent="BrushCaster" instance=ExtResource("4_uayg8")]
transform = Transform3D(1, 0, 0, 0, -4.37114e-08, -1, 0, 1, -4.37114e-08, 0, 0.8428, -0.30727)

[node name="MeshInstance3D4" type="MeshInstance3D" parent="BrushCaster/BrushModel"]
transform = Transform3D(1, 0, 0, 0, -7.94571e-08, 1, 0, -1, -6.65549e-08, -0.0771281, 0.0946501, 0)
material_override = SubResource("StandardMaterial3D_c2vv6")
mesh = SubResource("QuadMesh_3gg84")

[node name="SubViewport" type="SubViewport" parent="BrushCaster/BrushModel"]
transparent_bg = true

[node name="ProgressBar" type="ProgressBar" parent="BrushCaster/BrushModel/SubViewport"]
offset_right = 128.0
offset_bottom = 512.0
theme_override_styles/background = SubResource("StyleBoxFlat_4h4xa")
theme_override_styles/fill = SubResource("StyleBoxFlat_0togf")
max_value = 1.0
step = 0.001
value = 1.0
fill_mode = 3
show_percentage = false

[node name="FenceFrame" type="Node3D" parent="."]

[node name="Bottom" type="MeshInstance3D" parent="FenceFrame"]
transform = Transform3D(1, 0, 0, 0, 1, 0, 0, 0, 1, 0, 0.305824, 0)
material_override = SubResource("StandardMaterial3D_j5dji")
mesh = SubResource("BoxMesh_vxhg6")
skeleton = NodePath("../..")

[node name="MeshInstance3D2" type="MeshInstance3D" parent="FenceFrame"]
transform = Transform3D(1, 0, 0, 0, 1, 0, 0, 0, 1, -1.59342, 1.17717, 0)
material_override = SubResource("StandardMaterial3D_j5dji")
mesh = SubResource("BoxMesh_8d1ia")
skeleton = NodePath("../..")

[node name="MeshInstance3D3" type="MeshInstance3D" parent="FenceFrame"]
transform = Transform3D(1, 0, 0, 0, 1, 0, 0, 0, 1, 1.57864, 1.17717, 0)
material_override = SubResource("StandardMaterial3D_j5dji")
mesh = SubResource("BoxMesh_8d1ia")
skeleton = NodePath("../..")

[node name="MeshInstance3D4" type="MeshInstance3D" parent="FenceFrame"]
transform = Transform3D(1, 0, 0, 0, 1, 0, 0, 0, 1, -0.0702461, 1.6922, -0.0452992)
material_override = SubResource("StandardMaterial3D_2umb0")
mesh = SubResource("BoxMesh_ux7xu")
skeleton = NodePath("../..")

[node name="MeshInstance3D5" type="MeshInstance3D" parent="FenceFrame"]
transform = Transform3D(1, 0, 0, 0, 1, 0, 0, 0, 1, -0.0702461, 0.87666, -0.0452992)
material_override = SubResource("StandardMaterial3D_2umb0")
mesh = SubResource("BoxMesh_ux7xu")
skeleton = NodePath("../..")

[node name="MeshInstance3D6" type="MeshInstance3D" parent="FenceFrame"]
transform = Transform3D(1, 0, 0, 0, 1, 0, 0, 0, 1, 3.27872, 1.6922, -0.0452992)
material_override = SubResource("StandardMaterial3D_2umb0")
mesh = SubResource("BoxMesh_ux7xu")
skeleton = NodePath("../..")

[node name="MeshInstance3D7" type="MeshInstance3D" parent="FenceFrame"]
transform = Transform3D(1, 0, 0, 0, 1, 0, 0, 0, 1, 3.27872, 0.87666, -0.0452992)
material_override = SubResource("StandardMaterial3D_2umb0")
mesh = SubResource("BoxMesh_ux7xu")
skeleton = NodePath("../..")

[node name="MeshInstance3D8" type="MeshInstance3D" parent="FenceFrame"]
transform = Transform3D(1, 0, 0, 0, 1, 0, 0, 0, 1, -3.28336, 1.6922, -0.0452992)
material_override = SubResource("StandardMaterial3D_2umb0")
mesh = SubResource("BoxMesh_ux7xu")
skeleton = NodePath("../..")

[node name="MeshInstance3D9" type="MeshInstance3D" parent="FenceFrame"]
transform = Transform3D(1, 0, 0, 0, 1, 0, 0, 0, 1, -3.28336, 0.87666, -0.0452992)
material_override = SubResource("StandardMaterial3D_2umb0")
mesh = SubResource("BoxMesh_ux7xu")
skeleton = NodePath("../..")

[node name="Fence" type="Node3D" parent="."]
transform = Transform3D(1, 0, 0, 0, 1, 0, 0, 0, 1, -0.0168052, 1.24718, 0)

[node name="Plank" parent="Fence" instance=ExtResource("1_ycpd8")]
transform = Transform3D(0.999398, 0, 0.0346902, 0, 1, 0, -0.0346902, 0, 0.999398, 0.802215, 2.08165e-12, 2.08165e-12)

[node name="Plank2" parent="Fence" instance=ExtResource("1_ycpd8")]
transform = Transform3D(0.999398, 0, 0.0346902, 0, 1, 0, -0.0346902, 0, 0.999398, 0.434077, 2.08165e-12, 2.08165e-12)

[node name="Plank3" parent="Fence" instance=ExtResource("1_ycpd8")]
transform = Transform3D(0.999398, 0, 0.0346902, 0, 1, 0, -0.0346902, 0, 0.999398, 0.0394307, 2.08165e-12, 2.08165e-12)

[node name="Plank4" parent="Fence" instance=ExtResource("1_ycpd8")]
transform = Transform3D(0.999398, 0, 0.0346902, 0, 1, 0, -0.0346902, 0, 0.999398, -0.350295, 2.08165e-12, 2.08165e-12)

[node name="Plank5" parent="Fence" instance=ExtResource("1_ycpd8")]
transform = Transform3D(0.999398, 0, 0.0346902, 0, 1, 0, -0.0346902, 0, 0.999398, -0.739085, 2.08165e-12, 2.08165e-12)

[node name="Plank6" parent="Fence" instance=ExtResource("1_ycpd8")]
transform = Transform3D(0.999398, 0, 0.0346902, 0, 1, 0, -0.0346902, 0, 0.999398, -1.13952, 2.08165e-12, 2.08165e-12)

[node name="Plank7" parent="Fence" instance=ExtResource("1_ycpd8")]
transform = Transform3D(0.999398, 0, 0.0346902, 0, 1, 0, -0.0346902, 0, 0.999398, 1.16321, 2.08165e-12, 2.08165e-12)

[node name="Fence2" type="Node3D" parent="."]
transform = Transform3D(1, 0, 0, 0, 1, 0, 0, 0, 1, 3.15067, 1.24718, 0)

[node name="Plank" parent="Fence2" instance=ExtResource("1_ycpd8")]
transform = Transform3D(0.999398, 0, 0.0346902, 0, 1, 0, -0.0346902, 0, 0.999398, 0.802215, 2.08165e-12, 2.08165e-12)

[node name="Plank2" parent="Fence2" instance=ExtResource("1_ycpd8")]
transform = Transform3D(0.999398, 0, 0.0346902, 0, 1, 0, -0.0346902, 0, 0.999398, 0.434077, 2.08165e-12, 2.08165e-12)

[node name="Plank3" parent="Fence2" instance=ExtResource("1_ycpd8")]
transform = Transform3D(0.999398, 0, 0.0346902, 0, 1, 0, -0.0346902, 0, 0.999398, 0.0394307, 2.08165e-12, 2.08165e-12)

[node name="Plank4" parent="Fence2" instance=ExtResource("1_ycpd8")]
transform = Transform3D(0.999398, 0, 0.0346902, 0, 1, 0, -0.0346902, 0, 0.999398, -0.350295, 2.08165e-12, 2.08165e-12)

[node name="Plank5" parent="Fence2" instance=ExtResource("1_ycpd8")]
transform = Transform3D(0.999398, 0, 0.0346902, 0, 1, 0, -0.0346902, 0, 0.999398, -0.739085, 2.08165e-12, 2.08165e-12)

[node name="Plank6" parent="Fence2" instance=ExtResource("1_ycpd8")]
transform = Transform3D(0.999398, 0, 0.0346902, 0, 1, 0, -0.0346902, 0, 0.999398, -1.13952, 2.08165e-12, 2.08165e-12)

[node name="Plank7" parent="Fence2" instance=ExtResource("1_ycpd8")]
transform = Transform3D(0.999398, 0, 0.0346902, 0, 1, 0, -0.0346902, 0, 0.999398, 1.16321, 2.08165e-12, 2.08165e-12)

[node name="Fence3" type="Node3D" parent="."]
transform = Transform3D(1, 0, 0, 0, 1, 0, 0, 0, 1, -3.14974, 1.24718, 0)

[node name="Plank" parent="Fence3" instance=ExtResource("1_ycpd8")]
transform = Transform3D(0.999398, 0, 0.0346902, 0, 1, 0, -0.0346902, 0, 0.999398, 0.802215, 2.08165e-12, 2.08165e-12)

[node name="Plank2" parent="Fence3" instance=ExtResource("1_ycpd8")]
transform = Transform3D(0.999398, 0, 0.0346902, 0, 1, 0, -0.0346902, 0, 0.999398, 0.434077, 2.08165e-12, 2.08165e-12)

[node name="Plank3" parent="Fence3" instance=ExtResource("1_ycpd8")]
transform = Transform3D(0.999398, 0, 0.0346902, 0, 1, 0, -0.0346902, 0, 0.999398, 0.0394307, 2.08165e-12, 2.08165e-12)

[node name="Plank4" parent="Fence3" instance=ExtResource("1_ycpd8")]
transform = Transform3D(0.999398, 0, 0.0346902, 0, 1, 0, -0.0346902, 0, 0.999398, -0.350295, 2.08165e-12, 2.08165e-12)

[node name="Plank5" parent="Fence3" instance=ExtResource("1_ycpd8")]
transform = Transform3D(0.999398, 0, 0.0346902, 0, 1, 0, -0.0346902, 0, 0.999398, -0.739085, 2.08165e-12, 2.08165e-12)

[node name="Plank6" parent="Fence3" instance=ExtResource("1_ycpd8")]
transform = Transform3D(0.999398, 0, 0.0346902, 0, 1, 0, -0.0346902, 0, 0.999398, -1.13952, 2.08165e-12, 2.08165e-12)

[node name="Plank7" parent="Fence3" instance=ExtResource("1_ycpd8")]
transform = Transform3D(0.999398, 0, 0.0346902, 0, 1, 0, -0.0346902, 0, 0.999398, 1.16321, 2.08165e-12, 2.08165e-12)

[node name="Floor" type="MeshInstance3D" parent="."]
material_override = SubResource("StandardMaterial3D_hhrvs")
mesh = SubResource("BoxMesh_qtkh7")

[node name="WorldEnvironment" type="WorldEnvironment" parent="."]
environment = SubResource("Environment_ohas3")
