[gd_scene load_steps=29 format=3 uid="uid://cxvmv11a2iusl"]

[ext_resource type="Script" path="res://src/camera.gd" id="1_6fm8c"]
[ext_resource type="Script" path="res://src/paint_progress_tracker.gd" id="1_g2ks0"]
[ext_resource type="Script" path="res://fence_segment_tracker.gd" id="2_cgqgp"]
[ext_resource type="PackedScene" uid="uid://blitifbt0btl7" path="res://addons/mouse/mouse.tscn" id="2_dgr3k"]
[ext_resource type="Script" path="res://src/brush_caster.gd" id="2_epem3"]
[ext_resource type="PackedScene" uid="uid://cp5q3o3j07hdf" path="res://fence_segment_transition_trigger.tscn" id="4_u5pma"]
[ext_resource type="PackedScene" uid="uid://bwryn58kush3o" path="res://src/brush_model.tscn" id="4_uayg8"]
[ext_resource type="PackedScene" uid="uid://cq6gjuo1v3d0t" path="res://src/dialogue.tscn" id="6_ck7kd"]
[ext_resource type="PackedScene" uid="uid://dkfm206osc6g3" path="res://src/fence_segment.tscn" id="7_q5a0f"]
[ext_resource type="Script" path="res://src/stroke_player.gd" id="9_gwwqs"]
[ext_resource type="ArrayMesh" uid="uid://d206yjht8thaw" path="res://assets/suburb_assets_pt1/models/house-small-carport-left.obj" id="11_ttkc6"]
[ext_resource type="ArrayMesh" uid="uid://dn6ftwbmffx0" path="res://assets/kenney_nature/naturePack_150.obj" id="12_x7xg1"]
[ext_resource type="ArrayMesh" uid="uid://bn0ly1vnql70q" path="res://assets/kenney_nature/naturePack_140.obj" id="13_3vnsj"]
[ext_resource type="ArrayMesh" uid="uid://be02najmdhobx" path="res://assets/kenney_nature/naturePack_163.obj" id="14_46his"]
[ext_resource type="ArrayMesh" uid="uid://d4keu1ilwudfi" path="res://assets/kenney_nature/naturePack_052.obj" id="15_hwk7o"]
[ext_resource type="ArrayMesh" uid="uid://dbcbpojgu60m3" path="res://assets/kenney_nature/naturePack_074.obj" id="16_0ef3s"]
[ext_resource type="AudioStream" uid="uid://edhididmqoxn" path="res://assets/AsiTheme.wav" id="17_il62b"]
[ext_resource type="Script" path="res://src/music_player.gd" id="18_0w4cp"]

[sub_resource type="ViewportTexture" id="ViewportTexture_qag6c"]
viewport_path = NodePath("BrushCaster/BrushModel/SubViewport")

[sub_resource type="StandardMaterial3D" id="StandardMaterial3D_c2vv6"]
resource_local_to_scene = true
transparency = 1
albedo_color = Color(1, 1, 1, 0.0862745)
albedo_texture = SubResource("ViewportTexture_qag6c")

[sub_resource type="QuadMesh" id="QuadMesh_3gg84"]
size = Vector2(0.5, 0.5)

[sub_resource type="StyleBoxFlat" id="StyleBoxFlat_4h4xa"]
bg_color = Color(0.235294, 0.392157, 0.521569, 0.87451)

[sub_resource type="StyleBoxFlat" id="StyleBoxFlat_0togf"]
bg_color = Color(0.988235, 0.847059, 0.207843, 1)

[sub_resource type="StandardMaterial3D" id="StandardMaterial3D_hhrvs"]
albedo_color = Color(0.145098, 0.321569, 0.176471, 1)
metallic_specular = 0.03

[sub_resource type="BoxMesh" id="BoxMesh_qtkh7"]
size = Vector3(100, 0.1, 100)

[sub_resource type="ProceduralSkyMaterial" id="ProceduralSkyMaterial_sc7kc"]
sky_top_color = Color(0.254902, 0.556863, 0.980392, 1)
sky_horizon_color = Color(0.615686, 0.72549, 0.878431, 1)

[sub_resource type="Sky" id="Sky_3sn1t"]
sky_material = SubResource("ProceduralSkyMaterial_sc7kc")

[sub_resource type="Environment" id="Environment_ohas3"]
background_mode = 2
sky = SubResource("Sky_3sn1t")
ambient_light_source = 3
reflected_light_source = 2
tonemap_mode = 2
tonemap_exposure = 1.32
tonemap_white = 1.81
ssao_enabled = true
ssao_intensity = 1.16
ssao_power = 1.13679
glow_enabled = true
glow_bloom = 0.1
fog_enabled = true
fog_light_energy = 0.4
fog_sun_scatter = 0.2
fog_sky_affect = 0.18
adjustment_enabled = true
adjustment_brightness = 1.15
adjustment_contrast = 1.12
adjustment_saturation = 1.12

[node name="Main" type="Node3D"]

[node name="Fence" type="Node3D" parent="."]

[node name="FenceSegment" parent="Fence" instance=ExtResource("7_q5a0f")]
transform = Transform3D(1, 0, 0, 0, 1, 0, 0, 0, 1, -1.4461, 0.0523148, 2.08165e-12)

[node name="FenceSegment2" parent="Fence" instance=ExtResource("7_q5a0f")]
transform = Transform3D(0.938914, 0, 0.344151, 0, 1, 0, -0.344151, 0, 0.938914, 1.60259, 0.0524948, -0.0553019)

[node name="FenceSegment5" parent="Fence" instance=ExtResource("7_q5a0f")]
transform = Transform3D(0.938914, 0, 0.344151, 0, 1, 0, -0.344151, 0, 0.938914, 4.45365, 0.0524948, -1.10033)

[node name="FenceSegment7" parent="Fence" instance=ExtResource("7_q5a0f")]
transform = Transform3D(0.0685556, 0, 0.997647, 0, 1, 0, -0.997647, 0, 0.0685556, 7.2573, 0.0524948, -2.23098)

[node name="FenceSegment8" parent="Fence" instance=ExtResource("7_q5a0f")]
transform = Transform3D(0.624412, 0, 0.781096, 0, 1, 0, -0.781096, 0, 0.624412, 7.47408, 0.0524949, -5.36613)

[node name="FenceSegment9" parent="Fence" instance=ExtResource("7_q5a0f")]
transform = Transform3D(-0.465954, 0, 0.884809, 0, 1, 0, -0.884809, 0, -0.465954, 9.44551, 0.0524948, -7.77225)

[node name="FenceSegment10" parent="Fence" instance=ExtResource("7_q5a0f")]
transform = Transform3D(-0.887502, 0, 0.460804, 0, 1, 0, -0.460804, 0, -0.887502, 7.98816, 0.0524948, -10.4562)

[node name="FenceSegment11" parent="Fence" instance=ExtResource("7_q5a0f")]
transform = Transform3D(-0.968561, 0, -0.248774, 0, 1, 0, 0.248774, 0, -0.968561, 5.27522, 0.0524948, -11.8021)

[node name="FenceSegment12" parent="Fence" instance=ExtResource("7_q5a0f")]
transform = Transform3D(-0.999435, 0, 0.0336091, 0, 1, 0, -0.0336091, 0, -0.999435, 2.31019, 0.0524948, -11.0071)

[node name="FenceSegment13" parent="Fence" instance=ExtResource("7_q5a0f")]
transform = Transform3D(-0.801953, 5.87439e-11, 0.597388, 4.7086e-11, 1, -3.51248e-11, -0.597388, -3.90809e-14, -0.801953, -0.706206, 0.0524948, -11.1754)

[node name="FenceSegment14" parent="Fence" instance=ExtResource("7_q5a0f")]
transform = Transform3D(-0.925315, 5.87439e-11, -0.379197, 5.43717e-11, 1, 2.22386e-11, 0.379197, -3.90811e-14, -0.925315, -3.12915, 0.0524948, -13.0216)

[node name="FenceSegment15" parent="Fence" instance=ExtResource("7_q5a0f")]
transform = Transform3D(-0.579423, 5.87439e-11, -0.815026, 3.40701e-11, 1, 4.78547e-11, 0.815026, -3.9081e-14, -0.579424, -5.89003, 0.0524948, -11.7899)

[node name="FenceSegment16" parent="Fence" instance=ExtResource("7_q5a0f")]
transform = Transform3D(-0.0363823, 5.87439e-11, -0.999337, 2.17707e-12, 1, 5.87036e-11, 0.999337, -3.90812e-14, -0.0363824, -7.60283, 0.0524948, -9.27656)

[node name="FenceSegment17" parent="Fence" instance=ExtResource("7_q5a0f")]
transform = Transform3D(0.498351, 5.87439e-11, -0.866975, -2.92404e-11, 1, 5.09491e-11, 0.866975, -3.90809e-14, 0.498351, -7.66114, 0.0524948, -6.22078)

[node name="FenceSegment3" parent="Fence" instance=ExtResource("7_q5a0f")]
transform = Transform3D(0.956666, 0, -0.291186, 0, 1, 0, 0.291186, 0, 0.956666, -4.47218, 0.0524953, -0.85618)

[node name="FenceSegment4" parent="Fence" instance=ExtResource("7_q5a0f")]
transform = Transform3D(0.48789, 0, -0.872905, 0, 1, 0, 0.872905, 0, 0.48789, -6.0657, 0.0524948, -3.52558)

[node name="PaintProgressTracker" type="Node" parent="."]
script = ExtResource("1_g2ks0")

[node name="FenceSegmentTracker" type="Node" parent="." node_paths=PackedStringArray("initial_segment")]
script = ExtResource("2_cgqgp")
initial_segment = NodePath("../Fence/FenceSegment")

[node name="MusicPlayer" type="AudioStreamPlayer" parent="." node_paths=PackedStringArray("paint_progress_tracker")]
stream = ExtResource("17_il62b")
autoplay = true
bus = &"music"
script = ExtResource("18_0w4cp")
paint_progress_tracker = NodePath("../PaintProgressTracker")

[node name="GUI" type="Control" parent="."]
layout_mode = 3
anchors_preset = 15
anchor_right = 1.0
anchor_bottom = 1.0
grow_horizontal = 2
grow_vertical = 2

[node name="Dialogue" parent="GUI" node_paths=PackedStringArray("paint_progress_tracker") instance=ExtResource("6_ck7kd")]
layout_mode = 1
anchors_preset = 12
anchor_top = 1.0
grow_vertical = 0
mouse_default_cursor_shape = 1
paint_progress_tracker = NodePath("../../PaintProgressTracker")

[node name="FenceSegmentTransitionTriggerRight" parent="GUI" node_paths=PackedStringArray("fence_segment_tracker") instance=ExtResource("4_u5pma")]
custom_minimum_size = Vector2(150, 1920)
layout_mode = 1
anchors_preset = 11
anchor_left = 1.0
anchor_right = 1.0
anchor_bottom = 1.0
offset_right = 0.0
offset_bottom = 0.0
grow_horizontal = 0
grow_vertical = 2
fence_segment_tracker = NodePath("../../FenceSegmentTracker")
direction = 1

[node name="FenceSegmentTransitionTriggerLeft" parent="GUI" node_paths=PackedStringArray("fence_segment_tracker") instance=ExtResource("4_u5pma")]
custom_minimum_size = Vector2(150, 1920)
layout_mode = 1
anchors_preset = 9
anchor_bottom = 1.0
offset_right = 0.0
offset_bottom = 0.0
grow_vertical = 2
fence_segment_tracker = NodePath("../../FenceSegmentTracker")

[node name="TextureRect" parent="GUI/FenceSegmentTransitionTriggerLeft" index="0"]
anchors_preset = 4
anchor_left = 0.0
anchor_right = 0.0
offset_left = 0.0
offset_right = 512.0
grow_horizontal = 1

[node name="Camera3D" type="Camera3D" parent="."]
transform = Transform3D(1, -4.09353e-16, 3.43488e-16, 3.7468e-16, 0.99543, 0.0954983, -3.81011e-16, -0.0954983, 0.99543, 2.08165e-12, 1.2359, 1.43735)
script = ExtResource("1_6fm8c")
transition_speed = 10.0
sensitivity = Vector2(4, 4)
zoom_on_paint = 2.0

[node name="Mouse" parent="Camera3D" instance=ExtResource("2_dgr3k")]

[node name="AudioListener3D" type="AudioListener3D" parent="Camera3D"]
current = true

[node name="DirectionalLight3D" type="DirectionalLight3D" parent="."]
transform = Transform3D(0.798846, -0.377636, 0.468227, 1.64197e-16, 0.778386, 0.627786, -0.601536, -0.501504, 0.62181, 0, 0, 0.853543)
shadow_enabled = true
shadow_opacity = 0.94
shadow_blur = 1.1
directional_shadow_fade_start = 0.1
directional_shadow_max_distance = 40.0
directional_shadow_pancake_size = 0.0

[node name="BrushCaster" type="Node3D" parent="."]
transform = Transform3D(1, 0, 0, 0, 1, 0, 0, 0, 1, 0, 0.4808, 0.507841)
script = ExtResource("2_epem3")
brush_speed = 10.0
depletion_rate = 0.001
apply_interval_s = 0.01
apply_velocity_multiplier = 2.0
tilt_amount = 22.0
coverage = 0.7

[node name="Mouse" parent="BrushCaster" instance=ExtResource("2_dgr3k")]

[node name="BrushModel" parent="BrushCaster" instance=ExtResource("4_uayg8")]
transform = Transform3D(1, 0, 0, 0, -4.37114e-08, -1, 0, 1, -4.37114e-08, 0, 0.8428, -0.30727)

[node name="MeshInstance3D4" type="MeshInstance3D" parent="BrushCaster/BrushModel"]
transform = Transform3D(1, 0, 0, 0, -7.94571e-08, 1, 0, -1, -6.65549e-08, -0.0771281, 0.0946501, 0)
material_override = SubResource("StandardMaterial3D_c2vv6")
mesh = SubResource("QuadMesh_3gg84")

[node name="SubViewport" type="SubViewport" parent="BrushCaster/BrushModel"]
transparent_bg = true

[node name="ProgressBar" type="ProgressBar" parent="BrushCaster/BrushModel/SubViewport"]
offset_right = 128.0
offset_bottom = 512.0
theme_override_styles/background = SubResource("StyleBoxFlat_4h4xa")
theme_override_styles/fill = SubResource("StyleBoxFlat_0togf")
max_value = 1.0
step = 0.001
value = 1.0
fill_mode = 3
show_percentage = false

[node name="StrokePlayer" type="AudioStreamPlayer3D" parent="BrushCaster" node_paths=PackedStringArray("brush_caster")]
script = ExtResource("9_gwwqs")
brush_caster = NodePath("..")

[node name="House-small-carport-left" type="MeshInstance3D" parent="."]
transform = Transform3D(1.31251, 0, 0.402855, 0, 1.37295, 0, -0.402855, 0, 1.31251, 1.53257, -1.32553, -6.09095)
mesh = ExtResource("11_ttkc6")

[node name="Trees" type="Node3D" parent="."]

[node name="NaturePack150" type="MeshInstance3D" parent="Trees"]
transform = Transform3D(0.684051, 0, 0, 0, 0.684051, 0, 0, 0, 0.684051, -5.07927, 0, -10.3929)
mesh = ExtResource("12_x7xg1")
skeleton = NodePath("../..")

[node name="NaturePack151" type="MeshInstance3D" parent="Trees"]
transform = Transform3D(0.528741, 0, 0.194193, 0, 0.563275, 0, -0.194193, 0, 0.528741, -6.00525, 1.90735e-06, -9.75252)
mesh = ExtResource("12_x7xg1")
skeleton = NodePath("../..")

[node name="NaturePack140" type="MeshInstance3D" parent="Trees"]
transform = Transform3D(0.624364, 0, 0, 0, 0.624364, 0, 0, 0, 0.624364, -3.46159, -9.53674e-07, -10.3374)
mesh = ExtResource("13_3vnsj")
skeleton = NodePath("../..")

[node name="NaturePack163" type="MeshInstance3D" parent="Trees"]
transform = Transform3D(0.835356, 0, 0, 0, 0.835356, 0, 0, 0, 0.835356, -11.0859, 0, -3.02243)
mesh = ExtResource("14_46his")
skeleton = NodePath("../..")

[node name="NaturePack164" type="MeshInstance3D" parent="Trees"]
transform = Transform3D(0.526579, 0, 0.486594, 0, 0.71698, 0, -0.486594, 0, 0.526579, -6.35723, 0, -8.0972)
mesh = ExtResource("14_46his")
skeleton = NodePath("../..")

[node name="NaturePack052" type="MeshInstance3D" parent="Trees"]
transform = Transform3D(0.945873, 0, 0, 0, 0.945873, 0, 0, 0, 0.945873, -6.40473, 0, -4.70805)
mesh = ExtResource("15_hwk7o")
skeleton = NodePath("../..")

[node name="NaturePack074" type="MeshInstance3D" parent="Trees"]
transform = Transform3D(1.03357, 0, 0, 0, 1.03357, 0, 0, 0, 1.03357, -0.743953, 9.53674e-07, -0.330763)
mesh = ExtResource("16_0ef3s")
skeleton = NodePath("../..")

[node name="Floor" type="MeshInstance3D" parent="."]
material_override = SubResource("StandardMaterial3D_hhrvs")
mesh = SubResource("BoxMesh_qtkh7")

[node name="WorldEnvironment" type="WorldEnvironment" parent="."]
environment = SubResource("Environment_ohas3")

[editable path="GUI/FenceSegmentTransitionTriggerLeft"]
