[gd_scene load_steps=6 format=3 uid="uid://cxvmv11a2iusl"]

[ext_resource type="PackedScene" uid="uid://rtxx66oqi8qk" path="res://src/plank/plank.tscn" id="1_ycpd8"]
[ext_resource type="PackedScene" uid="uid://blitifbt0btl7" path="res://addons/mouse/mouse.tscn" id="2_dgr3k"]
[ext_resource type="Script" path="res://src/brush_caster.gd" id="2_epem3"]

[sub_resource type="StandardMaterial3D" id="StandardMaterial3D_rvy51"]
transparency = 1
albedo_color = Color(0.741176, 0.290196, 0.596078, 0.792157)

[sub_resource type="SphereMesh" id="SphereMesh_wpmo2"]
material = SubResource("StandardMaterial3D_rvy51")
radius = 0.05
height = 0.1

[node name="Main" type="Node3D"]

[node name="Camera3D" type="Camera3D" parent="."]
transform = Transform3D(0.894864, -0.111098, 0.432291, -1.87806e-09, 0.968527, 0.24891, -0.446338, -0.22274, 0.8667, 0, 0.399472, 1.0243)

[node name="DirectionalLight3D" type="DirectionalLight3D" parent="."]
transform = Transform3D(0.798846, -0.377636, 0.468227, 1.64197e-16, 0.778386, 0.627786, -0.601536, -0.501504, 0.62181, 0, 0, 0.853543)

[node name="Plank" parent="." instance=ExtResource("1_ycpd8")]

[node name="Plank2" parent="." instance=ExtResource("1_ycpd8")]
transform = Transform3D(0.999398, 0, 0.0346902, 0, 1, 0, -0.0346902, 0, 0.999398, -0.368138, 0.0543851, 0.0618922)

[node name="Plank3" parent="." instance=ExtResource("1_ycpd8")]
transform = Transform3D(0.999398, 0, 0.0346902, 0, 1, 0, -0.0346902, 0, 0.999398, -0.762784, 0.0543851, 0.0618922)

[node name="Plank4" parent="." instance=ExtResource("1_ycpd8")]
transform = Transform3D(0.999398, 0, 0.0346902, 0, 1, 0, -0.0346902, 0, 0.999398, -1.15251, 0.0543851, 0.0618922)

[node name="Plank5" parent="." instance=ExtResource("1_ycpd8")]
transform = Transform3D(0.999398, 0, 0.0346902, 0, 1, 0, -0.0346902, 0, 0.999398, -1.5413, 0.0543851, 0.0618922)

[node name="Plank6" parent="." instance=ExtResource("1_ycpd8")]
transform = Transform3D(0.999398, 0, 0.0346902, 0, 1, 0, -0.0346902, 0, 0.999398, -1.94173, 0.0543851, 0.0618922)

[node name="Plank7" parent="." instance=ExtResource("1_ycpd8")]
transform = Transform3D(0.999398, 0, 0.0346902, 0, 1, 0, -0.0346902, 0, 0.999398, 0.360993, 0.0543851, 0.0618922)

[node name="BrushCaster" type="Node3D" parent="."]
script = ExtResource("2_epem3")

[node name="Mouse" parent="BrushCaster" instance=ExtResource("2_dgr3k")]

[node name="DebugSphere" type="MeshInstance3D" parent="BrushCaster"]
mesh = SubResource("SphereMesh_wpmo2")
